####################################################################################################
##########      File        :   einzel_lens_injection.txt                                 ##########
##########      Author      :   X. Chen                                                   ##########
##########      Description :   definition of test paticles                               ##########
##########      Note        :   the following lines follow SIMION .ion format, i.e.,      ##########
##########                      on each line the comma separated values are               ##########
##########                      tob, mass, charge, x, y, z, az, el, ke, cwf, color,       ##########
##########                      where omitted parameters take default values              ##########
##########      License     :   GNU GPLv3                                                 ##########
####################################################################################################


4.2600734038328,202.984,1,7,0.0032182368040729,-0.00082845888166532,-5.9472468847756,1.9562378495943,1739.3256493986,,
4.3116150777964,202.984,1,7,-0.002723318422806,0.019518434857827,-3.9308202876859,-3.6819989319914,1728.8872501117,,
4.0012563477524,202.984,1,7,0.14985780026303,0.02118552446662,-2.1968992217302,10.805596732636,1737.4040492017,,
4.3018294244653,202.984,1,7,0.030377060570902,-0.032921429566201,5.6003831870037,4.0814064253023,1740.0732135915,,
3.9878792119512,202.984,1,7,-0.010727946721947,0.039911024265207,-7.4816204889608,0.46628212542422,1735.9458246083,,
4.2220974787233,202.984,1,7,0.03182387609144,-0.0090271181546597,2.9235345736657,-2.1356763088343,1734.2514829184,,
4.1087929725841,202.984,1,7,-0.013098703546422,0.010420847622799,4.2975945469616,0.98387766946397,1736.5343960123,,
4.2761148561171,202.984,1,7,-0.06474617964399,-0.035321878579463,3.6127159315886,-8.243676619926,1735.9799994512,,
4.0687692875738,202.984,1,7,0.0061382972432227,0.0055989574879393,0.66001796950838,4.3849853634789,1739.0533842189,,
3.9176531625408,202.984,1,7,-0.025730435245371,-0.0021957813020136,-2.0105583699516,1.9848443881912,1736.3833381685,,
4.2536331192782,202.984,1,7,0.012873515114547,-0.058072859567798,8.0153011857759,3.1780607564739,1739.2704406536,,
4.2329578896424,202.984,1,7,-0.035149320032076,-0.0086220660898924,1.6013490645587,3.867093157095,1732.6425363519,,
4.3685524084053,202.984,1,7,-0.10975796632481,0.090331722577451,-6.5799143020091,-8.1547165004784,1732.167195355,,
4.230407697808,202.984,1,7,-0.15351170922205,-0.091309184707524,6.2609977159605,-10.021874364726,1742.9146796463,,
4.1956214744155,202.984,1,7,0.016186453486591,-0.012787939889541,-2.8742877599245,2.3923827177254,1736.6489699021,,
4.1526586035216,202.984,1,7,0.045767209559105,-0.023658717031258,2.3004763694447,7.7925707299848,1739.7904944364,,
4.1886417155292,202.984,1,7,-0.013809216310152,-0.0075862207312702,-2.8776492389408,2.9471599257041,1739.791376097,,
4.2990898201695,202.984,1,7,-0.030826138598538,0.034264838380096,-3.6882241931735,-4.3389811883725,1738.5688487618,,
4.0836401876672,202.984,1,7,-0.0078552129079813,-0.0011921521047516,0.97728344333389,-0.23114027735276,1737.6152278993,,
4.1498083890442,202.984,1,7,0.083647800088898,-0.017542305607336,2.9712953631512,9.4826751341032,1738.8505183209,,
4.5026355902899,202.984,1,7,0.02280660239791,0.012961812628613,-2.1533411614873,4.3392773400124,1736.7468762089,,
4.0957101508973,202.984,1,7,0.051806687066976,-0.020381448448933,3.2341839690373,7.9229853958702,1740.6106486826,,
4.2097940753365,202.984,1,7,-0.0085754439757808,-0.012435124793076,5.1761534006997,-4.7783831557701,1741.1322978512,,
4.2517994392329,202.984,1,7,0.015616714786759,0.041471158181749,-7.2016518179252,3.5464947868067,1741.1991361189,,
4.2969439027554,202.984,1,7,0.0074533707380164,0.037443760258253,-4.2469451843235,4.5781996252704,1735.7680230607,,
3.9966938294244,202.984,1,7,-0.0036798347702632,-0.14584307670421,10.559063892832,-1.0252491224327,1730.5867138297,,
4.0440038932577,202.984,1,7,-0.0077406354576611,0.028500916294839,-6.4003827195678,-2.2529283946327,1733.7867638321,,
4.17995296711,202.984,1,7,0.037499625145404,-0.053454561228708,7.0983647693715,5.054707577702,1739.8945303833,,
4.1899697079455,202.984,1,7,-0.017718156773605,-0.0025110124790392,4.4572428810922,-1.2057809785428,1736.8614920825,,
4.2771346669726,202.984,1,7,0.0077736674798449,-0.07107214248135,8.5124895564619,0.20197249643654,1730.7962551577,,
4.0592245170963,202.984,1,7,0.0081520211818252,0.00083233888903922,2.1688176971467,3.4277375245381,1738.712853321,,
3.959319764476,202.984,1,7,-0.0076589296291918,0.00954316634294,1.8790141019436,-1.0957514819326,1736.9128802984,,
4.0963596812569,202.984,1,7,0.089196801333564,0.027049680195887,-1.5084750365293,9.4239068624135,1738.8705026271,,
4.1603495119996,202.984,1,7,-0.0086965366268479,-0.013064784550465,5.0257948242493,-4.4321669802794,1733.6475454302,,
4.2077561554447,202.984,1,7,-0.018317202240959,0.028972251394478,1.6010727528567,-5.2150395708692,1733.0370584636,,
4.2941512858592,202.984,1,7,-0.013702370844334,-0.011938435977576,3.5794044871716,-2.9015686364874,1740.460850354,,
4.2340988386256,202.984,1,7,-0.047513542360111,-0.021423011894985,2.492974054405,-7.2091600360012,1730.7198445752,,
4.0218340030149,202.984,1,7,-0.01381474303358,0.031589593683171,-5.2170832016798,-4.9550589743621,1737.6827379084,,
3.9886073188015,202.984,1,7,0.010726613569983,0.021487008098673,2.5362149746206,-1.8325651180378,1736.7590935053,,
4.1524078494251,202.984,1,7,0.0059308316846278,0.0092087650723786,1.2514887831211,-2.6729970497979,1728.2261726221,,
3.9774462373091,202.984,1,7,-0.029187374007241,0.017115295602582,-0.61203084999118,-7.1875381173542,1734.7035228861,,
4.2930282582795,202.984,1,7,-0.04950805609822,0.040480974919393,-4.7917659326165,-6.2352523588421,1730.7202644136,,
4.1782195059361,202.984,1,7,0.00086486235191228,0.011391174743613,0.90163587948436,-5.2751601649027,1739.5465683463,,
3.8471157366325,202.984,1,7,0.081017886067344,-0.0592668221698,3.9927926054128,9.1829889976902,1735.2903729528,,
4.0384844822602,202.984,1,7,-0.056848108617181,-0.0010160868185628,-2.7139305574941,-7.3913757970731,1733.4049208391,,
4.029006547787,202.984,1,7,-0.10153283381778,0.034873833447265,-3.4967083032706,-9.0761214578456,1736.3201944784,,
4.2908369199645,202.984,1,7,-0.0042989876400618,0.0338057396867,3.5505033622658,0.29034639262536,1739.9224076508,,
4.265616715541,202.984,1,7,-0.17411131589183,-0.061851513634564,2.9267874517481,-11.542911345268,1738.7587836381,,
4.2413034316498,202.984,1,7,-7.9652387504752e-005,-0.029406070446877,4.037811112095,-1.9430739053513,1733.150204903,,
3.9199673309618,202.984,1,7,-0.0064906614346252,-0.032534798823133,6.6831958088353,1.5715705724068,1733.5289830759,,
4.0909253568311,202.984,1,7,0.014754495857669,0.0071226882179028,0.62794776591281,5.6473121384812,1738.027970996,,
4.2274545122598,202.984,1,7,0.02041920173342,-0.0081280148769098,2.7968911193039,1.2202208346186,1732.6809935462,,
4.1177526223471,202.984,1,7,0.024730925135163,-0.03947309926781,5.4159074645692,3.5279721375818,1737.8849320651,,
4.1642503971993,202.984,1,7,0.0087512288490797,-0.0053969434267418,-0.99023757127577,-2.8194709707457,1737.8133916077,,
4.2625289270002,202.984,1,7,-0.00041005697902284,-0.022056602809765,-2.0815897609703,0.33666203951358,1740.3196587118,,
4.197372311969,202.984,1,7,0.0026610418598947,-0.010729096139278,-2.8472086612319,0.98684902407969,1739.2634293529,,
4.141787027173,202.984,1,7,0.014319646572005,-0.0010828000789926,2.1815517996317,-1.5725527372406,1740.8575556251,,
4.2671805167929,202.984,1,7,0.020353604101397,-0.0063226260804886,1.5054583709015,1.0316506948042,1738.1485065907,,
4.157175793993,202.984,1,7,-0.045906098109188,6.7538512598373e-005,3.8086248016306,-7.0486482555757,1739.2624637247,,
3.9838375467862,202.984,1,7,-0.010692177395279,-0.056552551443186,7.9167278747567,1.7936534231125,1730.3695734273,,
3.8998573607532,202.984,1,7,-0.044799549370195,0.004734315728515,-0.97229259770943,-6.3894857667682,1727.7640565336,,
4.2396268011407,202.984,1,7,-0.038226864938405,0.023075129478933,3.6711762597564,-0.37663352096719,1742.5813699683,,
4.1516413350309,202.984,1,7,-0.072156312055316,0.18181273945961,-11.279382435236,-4.2223452483585,1736.6305809817,,
3.9398226151375,202.984,1,7,0.0028671206155411,0.012755725643381,-5.4266533852183,4.279500468585,1737.52878318,,
4.2852095289318,202.984,1,7,-0.078032351069626,-0.020097861518845,2.3391259642583,-9.1334777384638,1741.9043806046,,
3.7709694825262,202.984,1,7,-0.08739302408516,-0.0076295672176389,-0.65966468806227,4.3389223317022,1704.5722692148,,
4.1016537166083,202.984,1,7,0.012690418462809,0.014072191802932,2.0412626317919,2.4045426400354,1737.2568118871,,
3.7414034652177,202.984,1,7,0.12867829883183,-0.07078870583238,-0.97050273670121,-2.3092152939251,1639.935591898,,
4.303858727252,202.984,1,7,-0.021946962367847,0.032816608534764,-2.1156378128785,-4.0890712962699,1737.787109726,,
4.1768745872596,202.984,1,7,-0.002165763397459,-0.042925847939498,6.5268664196934,4.0207386850917,1740.5069066226,,
3.99323013045,202.984,1,7,-0.016864709905,-0.017807894413625,2.7425004120848,0.22140359972174,1739.2639751428,,
4.0492725842466,202.984,1,7,0.13149850158525,-0.060887917930691,5.8539304858985,9.2500508712568,1736.8113633817,,
4.125912738906,202.984,1,7,0.0030617343702392,-0.015868412854576,3.0142932131186,-2.4801296934088,1734.4896152391,,
4.3894648370358,202.984,1,7,-0.095782595596493,0.082617584036931,-6.6830157076963,-7.8445849133279,1740.9969419623,,
4.0703822498265,202.984,1,7,0.050979303660901,-0.041564304830493,5.4242802869882,6.6132198652828,1739.6003076571,,
4.0887506613215,202.984,1,7,-0.031405966288791,0.018619257338237,-1.7389508209328,3.3212733452057,1736.9209831789,,
3.9831532063668,202.984,1,7,0.012959689976369,0.0026518272722975,-1.7448290330715,-0.94326788990973,1735.6074768699,,
4.2587443833861,202.984,1,7,-0.027298151883835,-0.0082059292319051,0.22579504069641,1.2408760713379,1740.9645304405,,
4.0209641878521,202.984,1,7,0.0043574711716515,-0.013125049423737,-1.2624716936722,-4.0724663501956,1738.7782221544,,
4.2144000667531,202.984,1,7,-0.0046340612353031,0.036389159218689,-6.8503672994074,1.0733986582908,1740.9277945836,,
3.9253350014519,202.984,1,7,-0.030186746526096,0.023884982581693,-2.6537284617542,-5.3988108122206,1733.5437194026,,
4.158412943942,202.984,1,7,-0.0022429853562003,0.058804827551328,-7.7622946117719,2.4092912220005,1736.7079152086,,
4.1407271263345,202.984,1,7,0.0061343161931829,0.00039654986139677,4.9898017396981,-2.9003950432351,1737.1854813489,,
4.2136157559182,202.984,1,7,0.016731818401564,0.018519439480828,-6.0401025188699,2.2694221184059,1740.9799804924,,
4.3490996757873,202.984,1,7,-0.03548167739891,0.10833685994285,-9.6949007802632,-2.9984058206128,1740.6149730178,,
4.17021262042,202.984,1,7,-0.0069525630951143,0.011547636061979,3.4346921469661,3.6661534786639,1740.2040772099,,
3.9509136673896,202.984,1,7,0.019249972394994,0.055743212183254,-7.4463820675852,3.9015137516605,1739.2258118354,,
3.9797336457686,202.984,1,7,-0.16621026641452,0.019904690505674,-1.1763306264,-11.560571716559,1739.4853559127,,
4.2461116443603,202.984,1,7,0.014080712584634,-0.020938166376443,5.0274681750536,2.2445450233411,1732.9544762572,,
3.788520228879,202.984,1,7,0.0085841961831947,0.027797788131162,6.5366324281187,-1.5098595149777,1717.0238354461,,
3.9646917086407,202.984,1,7,0.013411466119666,0.0094233848248128,0.30890869554214,3.7214627500383,1737.162600158,,
4.1488476319348,202.984,1,7,0.094694923450776,0.12821565198273,-9.2433421556227,6.7192684088043,1738.1452738352,,
3.7367381897479,202.984,1,7,-0.16754371507081,-0.21223286412826,-2.9264227055467,2.2737187521555,1658.5498395387,,
4.0047194908129,202.984,1,7,0.038301630643166,0.13456794669036,-9.5496441421509,2.9729348800249,1727.4684903246,,
4.2464971493046,202.984,1,7,-0.0036469508248355,-0.033555373291674,6.0127982553648,-3.1327379848804,1737.2715901975,,
4.2094829191046,202.984,1,7,-0.018866271949628,-0.065100243207351,7.4527220095376,-4.5439635426611,1737.6358839469,,
3.8340527487023,202.984,1,7,-0.00056276356259662,0.0059962421814756,5.0783263522736,2.383225502478,1730.2963536164,,
4.1056903041404,202.984,1,7,-0.0015291040829207,0.0059735811550938,4.9914519140135,-2.7218152576044,1737.7613316504,,
3.9833197806536,202.984,1,7,-0.03406957152277,-0.1642080884957,11.112704358844,-2.0266362673623,1732.6343495038,,
3.98472914487,202.984,1,7,-0.12872835274114,-0.085462803388445,7.6648327464193,-8.3467700088075,1737.8696499486,,
4.2314785476021,202.984,1,7,-0.043094160804067,0.037757865951396,-3.0513570512039,-7.8016134405542,1740.1783411181,,
3.795169723546,202.984,1,7,0.019794232002811,-0.079239677890378,10.463292233376,1.7166086541334,1731.8637361847,,
4.1708338340982,202.984,1,7,0.061289181232798,-0.054029570192695,5.9244686165346,7.2334970333093,1738.4017950763,,
4.189874939595,202.984,1,7,0.060844095539528,0.10725010718326,-9.1878918685214,5.3492144011658,1737.6363457691,,
3.8022682443468,202.984,1,7,0.018807234273633,-0.0013517778682226,5.2626503442131,4.8786498734202,1718.5955843334,,
4.1856667332825,202.984,1,7,0.0046884174888409,0.017230864145479,4.4090140844647,2.9608008494783,1739.1353366678,,
4.1177013843949,202.984,1,7,-0.0050279138471821,-0.017760172019728,1.0062941628747,4.2342506675926,1737.7437824067,,
3.8874179947193,202.984,1,7,0.0029642974840275,0.010119724052364,-3.3325232513933,-2.5010163641725,1734.8401382901,,
3.8222468980709,202.984,1,7,-0.0042192563839744,-0.0015716147074391,2.5299832263714,-5.7625710815908,1729.3561255978,,
4.0569772836909,202.984,1,7,0.042477490905017,-0.0065706008972435,4.2586339132027,6.5852750582138,1738.6453852957,,
4.053073044221,202.984,1,7,-0.038799580246127,-0.050911559657179,6.3039696744565,-4.8092095226141,1738.6671749069,,
4.4105583472742,202.984,1,7,-0.0018885720895007,-0.095347838902496,7.3366464131264,4.7424561759673,1731.1249885975,,
4.2480054469002,202.984,1,7,0.01260126439439,-0.013570021749665,2.990621508036,0.95070409898187,1734.1557177873,,
3.9338410569337,202.984,1,7,-0.037453832178563,0.061112381709833,-7.345695434203,-3.3303632405195,1728.5988631387,,
4.1144701390731,202.984,1,7,-0.21013210520726,-0.0047114803023098,0.23670896439486,-12.284931454416,1736.5293579519,,
4.2226495779212,202.984,1,7,0.039975212941994,-0.0001540813335962,-1.2663515389907,7.0861321984033,1730.5341920502,,
4.1157389786779,202.984,1,7,-0.0061533909303913,0.017097091679158,2.8200948723621,-2.4606753720001,1738.8238585847,,
4.2338300768663,202.984,1,7,0.011146773622178,-0.0051115109577127,-4.8723488260595,-0.18503590848929,1736.3329155809,,
4.3227291908031,202.984,1,7,-0.02046253274296,0.03907307522247,-2.0773655329076,3.7520443212584,1735.3163609476,,
3.7293042364054,202.984,1,7,0.0061696094791052,0.32212284406305,6.3011580222352,0.2861691667889,1691.7501536425,,
4.1850448158707,202.984,1,7,0.025065875520228,-0.015706700359204,5.7593722174761,5.0189872720315,1736.7399908597,,
4.3224982698505,202.984,1,7,-0.0047066752341173,-0.0041194468310384,-3.0536047093421,-2.6626106490081,1740.747683925,,
4.1520936832464,202.984,1,7,-0.0055546537067959,-0.000752980787074,-1.5489683628993,0.3458593957068,1730.3654170275,,
4.4823732012915,202.984,1,7,-0.01268888574588,0.00078271419364079,3.2787178092261,-4.7247487706754,1734.7992040495,,
3.8663089156905,202.984,1,7,0.0048830248855251,0.0022865630945031,1.2245916991231,-2.7133610360007,1734.7802273554,,
3.9587050347038,202.984,1,7,0.004857526572527,-0.0040515980376677,0.2611312800903,-3.1349854804792,1731.4627485622,,
4.3147260544001,202.984,1,7,-0.047119793431625,-0.05042358973988,6.5507657344952,-6.1414447655901,1740.3561426657,,
4.113803296794,202.984,1,7,0.010687208575821,0.00019146727065323,2.2184741643187,-0.047507503177149,1737.3621493329,,
4.498038118214,202.984,1,7,-0.069475452451503,0.085547150467355,-7.6472573738598,-4.7512359915172,1741.5727922639,,
3.9602740481196,202.984,1,7,-0.00030587163145678,-0.012552148205724,1.9294214079866,-4.7159062415373,1737.3448939761,,
4.0316784191998,202.984,1,7,0.0086490050172789,-0.026825381169781,-2.6611579246614,4.4146746877688,1736.5948947207,,
3.9959973627363,202.984,1,7,-0.0042993767954711,0.0013229750895887,2.0142343315413,-4.2915722173269,1737.0123819909,,
4.0935889091809,202.984,1,7,-0.07098806165237,0.0062456347261579,0.56391142385025,-8.7449517803896,1737.6496966291,,
4.1377787762015,202.984,1,7,0.013681234957103,0.0095849005124814,4.2890263934322,1.7583715879098,1737.5931863852,,
4.0555545765701,202.984,1,7,0.026483780543331,-0.026170003435281,3.874003745592,6.0675982150326,1738.1932613604,,
4.2887571920689,202.984,1,7,-0.0070132905678798,-0.041611184193908,5.538191494322,3.3327837433618,1733.0286197124,,
4.2422111592869,202.984,1,7,-0.0033551280303085,0.013286095188025,3.3883868236784,2.1949704656321,1728.5642684575,,
4.0490590994457,202.984,1,7,0.032925082186124,-0.052318429839566,7.1850117481514,-0.58922555308076,1725.6248960959,,
3.963617480325,202.984,1,7,0.013996753280223,0.0049112508119041,2.5619585355156,3.9617865902934,1738.0000517448,,
4.11018024195,202.984,1,7,-0.052372386745111,0.013685186733254,-2.4799890879841,-7.397943187188,1739.4436659631,,
4.2985964895465,202.984,1,7,-0.024126345269602,0.0017935212202161,0.49142662541041,-7.0317156769014,1741.2752528145,,
4.1677917790971,202.984,1,7,-0.010511447075449,0.0051323437776391,-1.8187290639294,5.0052556107953,1740.4315036522,,
3.7286793372828,202.984,1,7,-0.29809397870309,0.088810960560947,2.142768663414,6.8752311873014,1720.7884840818,,
4.1940570813715,202.984,1,7,0.018492648454893,0.026801227350215,-4.9485537556122,4.2150255073199,1734.5734989444,,
4.3717414996399,202.984,1,7,-0.0016710060593088,-0.01304225765431,2.6716527293371,0.20194270083004,1740.2935447655,,
4.1954537818795,202.984,1,7,-0.0029393452326963,0.13974054562796,-11.036709637768,0.97719730095446,1741.6548286804,,
3.951902967799,202.984,1,7,0.0028433848161522,-0.021480601991172,-3.0019746633671,-2.199402136545,1737.1918209082,,
4.1079124031012,202.984,1,7,0.014991889566782,0.0017438168306343,3.3349950518018,-2.6750452803279,1733.575962989,,
4.1093663356489,202.984,1,7,0.0034046491807183,-0.01568501227325,-0.19794469402932,-2.8723032836871,1732.5631029333,,
4.1113267714748,202.984,1,7,0.038188009404654,0.028360136121021,-3.1599664964827,5.667060806239,1730.8817342488,,
3.8168990826978,202.984,1,7,-0.0099150777679047,0.022153847307926,2.9987208369004,-2.3441873993325,1726.4720879328,,
3.9423439618051,202.984,1,7,-0.061830676328539,-0.029966183695368,2.7015229144947,-8.9239433385275,1736.7140868326,,
4.1801869948645,202.984,1,7,0.062962069889986,-0.04157895333477,1.9691456464847,6.1457972142666,1725.7329624911,,
4.4297032202367,202.984,1,7,-0.0091351322459358,0.0040387969484445,-1.5779647233895,3.0637332048224,1740.8229609438,,
4.2432190277336,202.984,1,7,-0.015267334772315,0.0015171231320362,3.1925480144808,-6.6891678728325,1739.7804183157,,
4.041361474093,202.984,1,7,0.03045825293937,-0.018569096117965,-1.3411698840103,-0.51193711382508,1738.9590465383,,
4.0372706719222,202.984,1,7,-0.01006174543737,0.0076248118410725,-4.3902291476124,-3.0959823282832,1738.5307694221,,
4.2741024250247,202.984,1,7,0.097387060086277,0.080355015844154,-7.2312632313273,8.0114881232279,1739.8479283248,,
4.4628292418581,202.984,1,7,-0.0020973994800605,-0.014411534636435,-2.6218057898265,1.8032167798382,1731.0578984268,,
3.7313979640328,202.984,1,7,0.093543431491342,0.26054029740608,6.9048333791764,-2.3040735902745,1714.7557846303,,
4.2921643765828,202.984,1,7,0.0050143691816095,0.0033406913310019,-1.687814847001,-3.7313715603364,1736.7065717258,,
4.226742025113,202.984,1,7,0.020234761956906,0.012635653134634,-1.74535996656,2.998793148481,1741.5913071357,,
4.0034359822405,202.984,1,7,0.019541398829013,-0.030075267900828,6.563966768786,1.0742405841483,1730.3495471373,,
4.2716013700563,202.984,1,7,0.022980429700527,0.018323503348709,-0.80675762281706,-1.8417683041204,1734.0537810323,,
3.9163624952994,202.984,1,7,0.0093552034057725,-0.010336878922958,1.0698491994041,1.8515134672103,1732.7922087291,,
3.9835831322976,202.984,1,7,-0.039814609170198,0.024875123330739,-3.5769833933266,-6.5743581591178,1733.7860920907,,
4.2023208235435,202.984,1,7,0.061880289068141,-0.04805652957146,4.9610581691275,7.6717348913411,1739.2115793149,,
4.1513258030425,202.984,1,7,0.024011431536999,-0.01004660758201,1.8329327943334,1.6456988166748,1739.122951436,,
4.2411748140578,202.984,1,7,0.0054300650454337,-0.0108721147392,-0.44110575620236,-3.0390587013741,1740.0961787501,,
4.1933271916914,202.984,1,7,0.011528768319347,0.037102687231078,-0.31570777857432,-1.1582584823773,1732.7733579865,,
4.216165577169,202.984,1,7,0.023064851612837,-0.0044484756922131,-0.28303249850248,0.29140351831928,1738.8092062258,,
4.1912345102483,202.984,1,7,0.0050378369660774,-0.026601585777637,3.2516968565766,-5.2674843809187,1741.5874866066,,
4.1338560508284,202.984,1,7,-0.001295801780143,0.023233866149051,-7.033608553639,-0.35745235671816,1738.7428717641,,
4.1774142551221,202.984,1,7,-0.028861063409809,0.037956150478449,0.33098760142815,-0.27177776480653,1737.4149230154,,
4.1739656973155,202.984,1,7,0.12887861083687,0.067580842826339,-5.9006321091147,9.2499525295844,1740.3567724233,,
4.1001864324674,202.984,1,7,-0.010894247254983,-0.077560946909586,9.5470133951306,0.22559521727797,1739.0022059222,,
4.2396686350191,202.984,1,7,0.021853607516016,0.013423654124511,2.4041731770079,-0.75691265719754,1738.5709479536,,
3.9687748964855,202.984,1,7,-0.012482373258106,0.0078382725758287,-1.9790853890127,1.2714813556552,1731.8943843854,,
3.8241323975392,202.984,1,7,-0.047200583846947,0.030699237074598,-5.6779887005916,-6.8818989040333,1724.9655399436,,
4.1350149912603,202.984,1,7,0.01564424549534,-0.010781370129974,-4.4876908322155,1.0112315182615,1738.562635154,,
4.3699728504798,202.984,1,7,-0.010594209897508,-0.010515582720875,0.32660936609003,-5.4620390672098,1741.7591585141,,
4.2490809895216,202.984,1,7,0.014341866350594,0.0022070845937048,4.3832687447504,4.8898557257112,1738.4312677295,,
4.3186103572873,202.984,1,7,0.04608462733253,0.053457272004046,-6.9010259764382,4.7705824871854,1741.7204914007,,
3.9281997279641,202.984,1,7,0.025673777846152,-0.016581998887013,5.8513796148289,5.0111944516522,1737.7219508117,,
4.1572011631752,202.984,1,7,-0.030704565368233,-0.005762594976096,-2.1145881634603,-6.1196462452311,1738.2328101344,,
4.2501781653871,202.984,1,7,-0.027788582681903,0.027152442235101,-5.0072850625728,-4.2226172044294,1726.1687127302,,
4.240897821328,202.984,1,7,-0.0086920653255218,-0.01350916426491,1.3656715215379,-0.28681438151149,1733.7278185256,,
4.2199357443631,202.984,1,7,-0.0096554845634457,-0.0072168464677296,-5.331556845887,-2.8479143250864,1735.0957778705,,
3.870803354491,202.984,1,7,-0.010502209883416,0.0087207566542927,0.98702501981083,-6.3314275677547,1732.7719725199,,
3.9215717693874,202.984,1,7,0.013036304897509,0.026861215587963,0.3774352463891,4.0993195545465,1733.2902629816,,
3.873466078571,202.984,1,7,-0.021683503232354,0.01858149985898,-4.7359890011814,-6.2301639238444,1736.0375173072,,
4.1138242095299,202.984,1,7,0.075813223796188,0.15663483284658,-10.67870145774,4.6422739273487,1738.3528419229,,
4.1526005352055,202.984,1,7,0.047384062526146,0.01623492293083,-2.3149020450106,6.1341151524499,1726.3365641086,,
4.1777426266231,202.984,1,7,0.025699537233603,0.026882034549609,-6.1028037784677,0.87111414634147,1735.9621143369,,
3.8752888782797,202.984,1,7,0.0096482096519895,-0.0045442454987528,-0.62973556348761,-2.2036887908421,1732.732129859,,
4.1033529153131,202.984,1,7,-0.0079281535232708,-0.0023158485813614,-3.0958086828533,2.5374206723585,1736.3327896294,,
4.1499118839624,202.984,1,7,-0.0075760550171901,-0.013987006415345,1.3323848920413,3.556230155022,1738.8361598488,,
4.2279582960923,202.984,1,7,0.16347478302159,-0.010418634087517,1.1461931235169,10.917417996491,1736.7870127566,,
4.0517384940463,202.984,1,7,-0.0089588701241644,-0.0016241902940508,-1.1174991208394,3.3163664096929,1737.8762414109,,
4.0694946062886,202.984,1,7,-0.013524848804858,0.010158121345236,1.2155502152203,1.6781136806435,1728.5653600372,,
4.31422686668,202.984,1,7,0.017798938682918,0.031684804758038,-0.092080374052858,0.80520609895529,1728.5136779345,,
4.3485925660914,202.984,1,7,-0.16855762783874,-0.011196227417171,1.6532509879317,-11.132401596392,1733.6020769353,,
4.009316101784,202.984,1,7,-0.024154474264484,-0.0060186704838954,-1.1326180241083,2.9231338171181,1736.7768526681,,
4.2167105771796,202.984,1,7,-0.013001356018277,-0.018713553974211,5.571459059509,0.4657551569513,1733.9687217795,,
3.9551153050959,202.984,1,7,-0.18296351527055,0.030874000327704,-2.4745121525324,-11.80936137434,1738.5832492177,,
4.1546274235802,202.984,1,7,-0.0050846848025973,-0.021001889216304,-2.1367906368508,-4.0559950352426,1732.5044934975,,
3.9341163403583,202.984,1,7,0.015704577379851,-0.0020321788478653,0.73325887706132,-1.5846686244662,1730.3340131177,,
3.7521351887851,202.984,1,7,0.13199976821932,-0.030742064576934,-1.9048018597463,-6.6701433458577,1707.2721657729,,
4.3193392337828,202.984,1,7,0.067961669201005,0.059843988527142,-7.2663179847437,6.1037922792103,1738.6253170219,,
3.8943304341524,202.984,1,7,-0.0078698977262992,-0.0096913365713461,-1.9361692964624,3.2965100793835,1734.969574458,,
4.0726033796639,202.984,1,7,0.0097435477971431,0.015914631394338,-4.845013022076,-0.46582192814291,1726.0283607648,,
4.2275287230243,202.984,1,7,-0.047202367806146,-0.064570263658019,6.4975600475233,-6.1603495336941,1741.0141133514,,
4.2549432494682,202.984,1,7,-0.0016585894764835,0.029501257133625,-1.7935962610921,-0.33872009329333,1738.0179368591,,
4.2344023202643,202.984,1,7,0.0015540268102643,-0.0099626919443543,2.2946187725829,0.8176156700496,1734.6706495421,,
3.9143478025428,202.984,1,7,-0.0045275089386273,0.023540360469183,-6.3995193737996,-1.9774611989269,1737.0869872684,,
4.0275642585195,202.984,1,7,0.015377468969703,-0.035820669581222,7.5659491882747,2.0653627756508,1737.6097280168,,
3.9132266811166,202.984,1,7,0.012702907315443,0.0041413335752245,-2.7476490960569,3.5783249877076,1736.667484774,,
3.98419987328,202.984,1,7,-0.010681691008358,-0.02690047392705,6.2524920069741,-1.002547357692,1737.2212095937,,
4.3254737429863,202.984,1,7,-0.1236502171978,0.065303983679983,-4.6418338608183,-10.36862059126,1742.5104592684,,
4.1126621989069,202.984,1,7,-0.050114465113089,0.0085077120131912,-1.8008614213836,-7.9908490996185,1737.5556528353,,
3.9110456496946,202.984,1,7,-0.017267799950938,-0.037400369222727,4.4984546672605,-2.0343268110166,1727.1732599863,,
4.4478884295593,202.984,1,7,-0.098075030458234,0.2151015418871,-10.755526941673,-5.6732032272648,1725.9238210119,,
4.1482035805536,202.984,1,7,0.007240697367448,0.097881651577297,-9.5153749143892,0.60304106866313,1735.0540039532,,
4.3456605018541,202.984,1,7,-0.028206996018002,0.056290118160222,-7.6392110604815,-0.89782163715679,1738.1323008298,,
4.2060826638833,202.984,1,7,-0.0060026767318738,-0.013502717142305,-4.955507944219,0.70016321192862,1737.9317860266,,
3.9877073230257,202.984,1,7,0.0088334499061785,-0.029058584061176,6.2771811348705,-3.3225533884356,1737.6524255785,,
4.4060421950642,202.984,1,7,0.0024956132847431,0.0051578820654683,3.9345777247943,-1.5853751547691,1736.6057685344,,
4.0382798191158,202.984,1,7,0.11719893024725,0.19824506891156,-10.641430512632,6.3275683775064,1731.0050827605,,
4.2580279591743,202.984,1,7,-0.025268000914225,0.02716828181837,-0.30016029088218,2.7206512881036,1735.3737108682,,
4.0454055936539,202.984,1,7,0.0017483532519599,-0.010592926944328,-2.0049146526296,-0.77841211273771,1733.3069725485,,
3.9120894832158,202.984,1,7,0.050709805090551,0.018514796078547,-2.1302310176021,7.8382748572847,1735.5887520788,,
4.0456608965237,202.984,1,7,0.0011236671090424,-0.00048326115307775,-3.8963132512526,-2.4498267527735,1737.3547181938,,
3.9636091533748,202.984,1,7,0.003252583982246,0.016126807409808,-4.4746333242042,2.5560848972283,1735.6419455997,,
4.1116598564618,202.984,1,7,0.011119173485472,-0.10771359825311,9.6319114989591,0.28002336692933,1736.4403522185,,
4.3099136601538,202.984,1,7,0.17163273243266,0.045752264982897,-3.4156219019352,10.879172525932,1731.6073408952,,
4.0188286692453,202.984,1,7,-0.0022836961694032,0.012664934523676,-3.2790786341853,5.1957464407858,1733.3406435854,,
4.2336603264539,202.984,1,7,-0.00023752094805055,-0.0042758780771252,2.2690173172175,1.7178320704541,1737.6826539408,,
4.2197156880056,202.984,1,7,0.00018567269348175,-0.0008968815189724,-4.1317115045637,-1.6668920383407,1740.5819317384,,
4.1821078236173,202.984,1,7,0.1527490897479,0.11351289164414,-7.4415160972909,8.9171890990493,1731.8377062061,,
3.9696318742576,202.984,1,7,0.015677246019446,-0.013042251940281,1.4880628321592,6.7030482918541,1735.9056040929,,
4.3187398380257,202.984,1,7,0.0059606969243218,0.01507654614949,-2.7201664147594,5.7639367853693,1741.6277491058,,
4.0937299142797,202.984,1,7,-0.018572264930411,-0.045739331938922,6.2126045502697,1.0569870225466,1729.4360208387,,
3.9699707065934,202.984,1,7,-0.03261267037839,-0.0055111028805919,0.91919470678699,-7.4069161237588,1736.9821956125,,
4.0691746121756,202.984,1,7,-0.010334817750177,0.0096206534556762,-2.1993954540678,-2.2016125479359,1738.8789413782,,
3.8187212134942,202.984,1,7,0.0055975746706951,-0.051559626252424,8.8965410874393,0.9047113736102,1730.6276060864,,
4.1130278787064,202.984,1,7,-0.079379120948859,0.028077632675403,-1.8805531934113,-8.8900536509978,1735.979033823,,
3.9552823370771,202.984,1,7,0.010369636092944,0.0035212976839785,-3.7909539146983,0.37109518695688,1737.5460385368,,
3.8937898652607,202.984,1,7,-0.0019014291853107,-0.013790138648557,3.3846816844319,-2.7982468533517,1737.2512700207,,
3.9574465196881,202.984,1,7,0.013126274984747,-0.015009935496915,-1.0085047742489,-3.7776039564554,1737.1727182626,,
4.4142372165209,202.984,1,7,-0.053537087725212,0.08888637387398,-8.9190661789488,-2.8675703869724,1735.7245697899,,
4.0935431339014,202.984,1,7,-0.033175295263296,-0.0072742037124559,0.91253503129607,-4.9846107421225,1731.6211115935,,
4.0598479415205,202.984,1,7,-0.023745918236143,0.0028806496481553,-0.94021386003278,-6.2324823598781,1735.3390742031,,
4.1237676223093,202.984,1,7,-0.037125500591991,0.0069145627513928,2.0123347464326,-6.8154997205477,1739.1429357422,,
3.9089667695644,202.984,1,7,-0.018435380959405,-0.01229821625229,3.0398898491959,-3.8741122097016,1735.7847746115,,
4.1380931934198,202.984,1,7,0.047291922669677,-0.046316570819511,6.7602627560037,5.2877347464149,1738.1642085455,,
4.3260090163697,202.984,1,7,-0.015230223688314,0.032365810237965,1.2278133385938,1.056066243297,1737.7674612905,,
4.1037386823809,202.984,1,7,0.059119697848168,0.091643696441843,-7.698692817969,5.98240601298,1732.8893593268,,
4.3062925439601,202.984,1,7,-0.026346828928499,-0.0023173650036694,-3.1254410390968,0.64828276208581,1738.5788409149,,
4.2240288231126,202.984,1,7,0.026232501666105,0.0071320360114344,0.88323349694544,-2.8687081049903,1739.8829008606,,
3.9083650316049,202.984,1,7,0.0083859963080695,-0.0040238103192882,-1.520058164685,4.7224797983907,1725.4941164452,,
4.0962544057352,202.984,1,7,-0.0067217154888206,0.0088620252405537,-1.4155983544925,1.6491760194398,1739.094192508,,
4.1022347535795,202.984,1,7,0.055268506833173,0.029179782368317,-6.5003680415145,6.4055483462382,1737.2785175306,,
4.0223872104398,202.984,1,7,0.054691736198562,-0.068231417127266,6.9892937666041,6.6486022811579,1737.3335583402,,
4.1989821687373,202.984,1,7,0.015275427350312,0.036793630617835,-6.726455358221,1.5879342243354,1730.2495836225,,
4.2729199893063,202.984,1,7,0.18223912428037,-0.0045132089729373,0.70009047969856,11.828232153681,1738.0845232238,,
4.1125343946831,202.984,1,7,0.0046897817662308,-0.028414627575712,-2.1534880339883,-0.69246572878188,1737.6317695309,,
3.763888419144,202.984,1,7,-0.053815202474471,0.075654604367373,4.8289032039535,3.5637474719927,1708.8615478715,,
3.9242313880757,202.984,1,7,-0.0074150771042311,0.014722533497827,-4.4128200645222,-4.0576195108182,1729.9070794843,,
4.1449014856044,202.984,1,7,0.036352126074273,-0.0043782780010047,-4.4774219670926,5.2823487039851,1739.1170736989,,
4.2060143797607,202.984,1,7,0.065561825936555,0.026382497145759,-5.5327941452077,6.4269447101755,1739.1839119666,,
4.2558328404045,202.984,1,7,0.10851022222485,-0.075271702169852,6.343842321209,8.8247445935009,1740.7071695227,,
3.8297815091191,202.984,1,7,-0.003297095178208,-0.1375145807382,11.191152880028,0.94285383289606,1734.8592409357,,
4.042370010276,202.984,1,7,0.020979999685354,0.016254911562693,-1.8215083180959,6.7850652949385,1738.538494448,,
4.0472943448488,202.984,1,7,-0.019074192972059,0.012274477792027,-2.7961497846105,-0.02693120779015,1736.7842838072,,
4.1130696019302,202.984,1,7,0.0014773331291949,0.00038823238267403,-0.33022954835407,-6.0993337532805,1738.4063713145,,
3.9088144413445,202.984,1,7,0.014553797948418,0.012887715738741,4.2259333246345,0.22563662282233,1736.0897871837,,
4.093865299727,202.984,1,7,0.0063248264541867,-0.011085992292235,5.8805376652868,-1.1879934790785,1738.7303605808,,
4.1780093559055,202.984,1,7,0.011547807558825,0.0095503396475594,0.23919560001149,-1.8853184284606,1734.3175234932,,
4.0178741794805,202.984,1,7,0.10570775383573,-0.12828103860814,9.0488630755168,7.2338579400554,1735.9324317645,,
4.204081610347,202.984,1,7,0.036607379743973,-0.015751071793309,3.0508308608877,5.9398515432942,1737.830772916,,
4.3748384492837,202.984,1,7,0.044503999637472,-0.13579753941488,10.298078528405,3.9714980229476,1737.6502004352,,
4.3788469188587,202.984,1,7,0.18539451920734,0.053433538430225,-4.2873654907948,11.31495069488,1742.991803954,,
4.2795433565088,202.984,1,7,0.0093894608478106,0.01621775886382,-0.21639804606938,-5.0081464513118,1736.9676272212,,
4.1727940486653,202.984,1,7,-0.015406185645352,0.0023255278879429,0.8540661408089,0.27753119380455,1739.9134231097,,
4.1759255218221,202.984,1,7,0.0063365701058504,-0.0068797918739802,1.833086895773,0.73370708898137,1738.8443047131,,
4.0212115478289,202.984,1,7,0.0016480295109258,-0.0064934760228735,-4.3003790874247,1.7871218286048,1737.0151109403,,
3.924685041115,202.984,1,7,0.013066165989855,-0.0073782154389175,2.3336980431796,5.7180244281763,1736.3338812091,,
4.3639073416516,202.984,1,7,-0.038576615513952,-0.0050771976001246,-2.0970829447487,0.71780869834142,1730.044282662,,
4.3619413677186,202.984,1,7,-0.10846765126117,-0.11209516607471,6.9832440835458,-8.5238582030103,1742.6569828578,,
4.0651084391247,202.984,1,7,0.0034762201446959,0.013648640412589,1.4546872835999,-5.0010468858452,1737.8968974585,,
4.1843251253742,202.984,1,7,-0.014313508145753,0.011003127341146,-2.2234795172813,-3.0489511600956,1724.7799713862,,
3.7152172042533,202.984,1,7,0.35086874752646,0.52649663166164,0.79016758863243,-0.71394298137351,1601.818004911,,
3.9249982335457,202.984,1,7,-0.038330139207311,0.023435107641364,-1.6601776681017,-7.5716095373791,1731.4293714122,,
3.983093645091,202.984,1,7,-0.009066055615013,0.0090025103329872,-5.5406913465129,0.1235243754818,1736.9819017256,,
3.8655992156,202.984,1,7,0.012772179831656,-0.014699553009338,0.56805491120228,4.8624423640012,1733.6303320573,,
4.1619166077082,202.984,1,7,-0.050425113508946,0.17445841742296,-11.135426845451,-3.2173073092075,1736.085336897,,
4.1126367378954,202.984,1,7,0.14763243985414,-0.12118601562288,7.3217109373461,9.4006321968848,1734.8154098104,,
4.0943930791962,202.984,1,7,0.0021062459032234,-0.012201256441721,4.3356817117587,0.60672348277507,1733.8803877875,,
4.2759780843796,202.984,1,7,0.014278141890041,0.0052797644179378,-3.0646400314407,5.4681695657409,1733.4220082605,,
4.2076993052056,202.984,1,7,-0.019388394123353,0.025867094548241,-1.198748131358,-6.5177172652873,1732.8750428385,,
