####################################################################################################
##########      File        :   ion_guide_ejection.txt                                    ##########
##########      Author      :   X. Chen                                                   ##########
##########      Description :   definition of test paticles                               ##########
##########      Note        :   the following lines follow SIMION .ion format, i.e.,      ##########
##########                      on each line the comma separated values are               ##########
##########                      tob, mass, charge, x, y, z, az, el, ke, cwf, color,       ##########
##########                      where omitted parameters take default values              ##########
##########      License     :   GNU GPLv3                                                 ##########
####################################################################################################


,202.984,1,5.3259095836383,0.1451082707197,0.17319321768915,120.89251713225,54.661280185996,0.041103551853138,,
,202.984,1,5.0596626628417,0.53773005684044,-0.075148053922702,139.06705865471,-28.919275243394,0.030920298175613,,
,202.984,1,5.2374937424926,-0.10202812805156,0.28577196097757,25.284069765058,64.49830131755,0.064234095563536,,
,202.984,1,5.2739256827074,-0.45806939988915,-0.28974541084709,-103.48045212877,29.501590424938,0.061209556774058,,
,202.984,1,5.281841111658,-0.28064993836365,-0.39638956802982,104.07860959257,-57.624568243725,0.089711687239097,,
,202.984,1,5.2619883794201,-0.36904923068148,-0.39188895726357,-103.2634324472,0.38925473339438,0.025212420728515,,
,202.984,1,5.1483038510524,0.45732041686679,0.21965870349855,86.652710718503,-2.2427399841641,0.015997657747146,,
,202.984,1,5.2537621167341,0.23658174957279,0.47061340624904,-100.62172217483,40.045864819193,0.058303063850506,,
,202.984,1,5.1817718703078,-0.025594218138207,-0.40986851578544,79.261982831843,-82.343181764406,0.0058195439822695,,
,202.984,1,5.2693075238486,0.16770168629209,0.49450437355583,88.484124316815,0.53703757861776,0.031826864096286,,
,202.984,1,5.097932789073,0.19668301498559,-0.14631244382786,145.68579894347,-25.200148938853,0.058989235506614,,
,202.984,1,5.0799566311367,-0.21974772948301,-0.15619347136045,-46.128011811267,-44.125027570838,0.025193087267425,,
,202.984,1,5.2939394619047,0.034410195921879,0.42743734824701,121.41170340027,37.802060605651,0.01532861144984,,
,202.984,1,5.1186347328665,-0.16282224591088,-0.2752191831802,-131.00818849777,5.3209468392813,0.13301539857386,,
,202.984,1,5.3076684883498,-0.078383186482867,0.44599541380086,-110.47077124295,45.652487012829,0.021879726991719,,
,202.984,1,5.2443573013124,-0.048959144683843,-0.43010304264936,-125.39905343652,-40.802308860733,0.030962382259514,,
,202.984,1,5.2433617358287,0.17238157295083,-0.26809657711639,78.957158599439,-7.4777794654505,0.050009339020106,,
,202.984,1,5.1448506819304,0.23420087770485,0.16091015448845,102.00503390965,-11.862771243516,0.056229549486444,,
,202.984,1,5.215251784323,0.18420639107829,-0.45739098666204,128.7664902388,-81.577078180506,0.0091603691452914,,
,202.984,1,5.2137299705105,-0.2766830701847,0.43790899217741,-75.188383200972,-13.943141269934,0.086501539478735,,
,202.984,1,5.1904000175972,0.35040874577333,-0.36410473122717,67.09658247176,20.144688677283,0.065085717631462,,
,202.984,1,5.1381086698475,-0.35235891924044,-0.089133951984076,-128.42367969439,25.7734140478,0.083677533944983,,
,202.984,1,5.2078076675585,0.40115804790979,-0.26255931157106,66.34028402487,-0.803058689773,0.026756256882661,,
,202.984,1,5.3018118847991,0.35192262339161,-0.28193732547506,1.6085167938778,-62.703670251005,0.044642158045638,,
,202.984,1,5.0350782265729,-0.37803893699428,-0.13420836462282,-14.091214082192,-46.735800828677,0.13488794535771,,
,202.984,1,5.0774603153134,0.20696059226895,0.33872092101599,136.16108127788,17.562718423432,0.069127887852365,,
,202.984,1,5.0336013548633,0.33787908651045,0.21037546978555,37.760611644925,49.799459914942,0.045563124568727,,
,202.984,1,5.2373760288189,-0.30239865528797,0.10143458801748,-54.768761947752,52.307827183512,0.037654077355169,,
,202.984,1,5.1936090872604,0.068718792809788,0.43015983636322,113.29586931847,24.127948907647,0.077635037010178,,
,202.984,1,5.1701981732481,-0.09954891968041,-0.41234735136342,-119.71729264702,-47.666245962916,0.032099573144906,,
,202.984,1,5.1719357775109,-0.39010349849095,0.018778045113828,-87.61570519206,24.359598217074,0.032141077642759,,
,202.984,1,5.1438258219705,0.16437022258134,0.37194799371604,33.508305148837,82.368295824857,0.029191316336876,,
,202.984,1,5.2729468239444,0.20949850134295,-0.41344297115778,169.02912738238,-66.822350628787,0.020423239603716,,
,202.984,1,5.2623356676767,0.18568809737105,-0.41866941117446,104.81799626144,0.0021031157470175,0.099285292690924,,
,202.984,1,5.2234737151105,-0.1504236890945,0.45395833160585,-109.25539985019,5.8364268750988,0.067561303545243,,
,202.984,1,5.1896875583931,-0.12510778236751,0.48203128848386,-116.17431543226,17.661209668768,0.037014512058217,,
,202.984,1,5.0530530346756,0.11782667381036,0.37129589523511,11.041008072606,42.288599427128,0.033413756712047,,
,202.984,1,5.1989087662286,0.181317271269,-0.45295718701561,168.98873186794,-35.842719574329,0.018923988554934,,
,202.984,1,5.0834507825835,-0.039267520937104,-0.32470175420307,-121.19533262067,-22.578401895411,0.088803935501105,,
,202.984,1,5.0955449601459,0.047253597238067,0.29311468938097,101.35733386374,45.420264664957,0.036967934443426,,
,202.984,1,5.2054208215101,0.20999311395737,-0.42242168241973,105.91411380595,-21.251401315591,0.018475584395106,,
,202.984,1,5.1712494812494,-0.36926857063342,0.11033638436514,-73.022617397074,-4.325963296113,0.018205580907231,,
,202.984,1,5.2031069336315,0.070665048078521,-0.26969826066902,93.733730597316,-56.299027994423,0.020306307894343,,
,202.984,1,5.2889473611495,0.38075194254737,-0.24415145385666,75.514427834284,-32.875675471184,0.007212572531201,,
,202.984,1,5.3010755590681,0.4079440174488,-0.18714681089793,50.270696716368,-48.360543992833,0.011621483150529,,
,202.984,1,5.0579097747817,-0.30768604002891,-0.12004002090825,-134.51828834018,-2.0046776602399,0.0282396459653,,
,202.984,1,5.1112851737924,0.081060405442774,0.30708960109893,165.37159667603,20.58815654424,0.046495054412918,,
,202.984,1,5.1690954991844,0.1784898786233,0.012238387833994,22.811483242866,7.8212670726278,0.055834470047266,,
,202.984,1,5.3506250769558,0.12022915505892,-0.10745465110226,34.199343335795,-16.515851401025,0.030293856369802,,
,202.984,1,5.0342506250092,0.014610800131372,0.40913982093973,124.79278922666,-4.15433037083,0.047154461428061,,
,202.984,1,5.0926761504582,-0.033705036487808,-0.4560614433798,-89.930652105681,9.6993301596284,0.0077430128483995,,
,202.984,1,5.2629428232835,0.059420998459371,0.46358214989812,111.60921395098,-10.975861600374,0.012718470767732,,
,202.984,1,5.2062698217073,-0.017348495175731,0.018686020203661,83.76112850197,-4.3566327033864,0.04250249395647,,
,202.984,1,5.2198721916427,-0.022353491663657,-0.021412345624345,78.821921718833,-4.3981756027543,0.036014457614133,,
,202.984,1,5.134493416457,0.050962084469901,-0.201651364784,-78.484582021856,24.728676166546,0.043686236981323,,
,202.984,1,5.1151818342638,0.14352211028252,-0.078887175336887,-109.327305551,16.779333350024,0.06767539444172,,
,202.984,1,5.1164394944179,0.20711945500609,0.046123455687297,-148.41308023426,-1.6666143761987,0.069344073375639,,
,202.984,1,5.3732715162547,0.15385307104534,0.30580442562386,31.681387195122,-43.76367518625,0.025904675619904,,
,202.984,1,5.4082638585865,0.089509068212866,0.26573692757766,58.351405613521,-47.860682622719,0.028539068903011,,
,202.984,1,5.4169529187687,-0.20780543619185,0.032792815256875,118.4283216796,-33.647116437966,0.025150555383058,,
,202.984,1,5.1292947292272,-0.101376810154,-0.23289815120544,2.65718086908,42.738608833822,0.066339534336194,,
,202.984,1,5.3427719218616,0.52222546953677,-0.088080446130212,-47.995265732869,30.609414876529,0.0074685012747382,,
,202.984,1,5.2993608996472,0.58384777352963,-0.047568087530336,-110.19981135786,-71.359745513992,0.063365330740783,,
,202.984,1,5.1621884766032,0.49199185553186,-0.19315355440056,25.43903744834,59.566249847175,0.25365374256487,,
,202.984,1,5.2160348886109,0.11204124971088,0.11495077470705,-172.36815193042,-51.889373050712,0.090442171963738,,
,202.984,1,5.0101653208856,0.37551079350013,-0.24047133156531,9.3719860165894,23.678213749817,0.23930944836079,,
,202.984,1,4.9080436987608,0.23296621529993,-0.23497844440232,-2.0106753198021,10.192731730171,0.14929136919404,,
,202.984,1,5.3126152066524,-0.034494136676472,-0.1318140284861,30.707176297533,25.105950070539,0.07396494149053,,
,202.984,1,5.0770430866453,-0.015056513064238,-0.19277273333755,41.126668294812,24.583829532436,0.098836848451511,,
,202.984,1,4.9469420581083,0.071090157844383,-0.40065631850842,39.242463980232,15.143752159593,0.33976314709909,,
,202.984,1,5.0973201966475,0.01797699347311,0.47292221072354,-168.80804987351,-14.512268345876,0.10182062930081,,
,202.984,1,5.4524016155727,-0.15444915246385,-0.66325360373742,81.361475857305,5.7399304448564,0.038610492679782,,
,202.984,1,5.3755811668817,0.26116573618163,0.070978542637703,-122.40904633765,-18.754445048022,0.072705222171892,,
,202.984,1,5.2392049323861,-0.067482438190767,0.32147497798583,8.7932320300715,-28.00271073924,0.13636070996794,,
,202.984,1,5.5813677091351,-0.27128883057732,-0.12958453231493,131.03742868299,-21.645560987512,0.12880609286022,,
,202.984,1,4.8480818194491,-0.15676395991544,-0.54252816418415,-140.27210745065,26.559701395123,0.11163457499113,,
,202.984,1,4.8478155709411,-0.12615411674073,-0.51830907781365,-101.64815275717,44.087603680617,0.035337123181032,,
,202.984,1,5.016121092487,0.054260176138977,-0.32652005517617,-132.81644311842,22.338738235365,0.29895213800242,,
,202.984,1,5.1517639975625,-0.52300510657615,-0.52328813937305,-34.294677429744,51.868983268632,0.1467727486013,,
,202.984,1,5.4681530235707,0.65279810760078,0.02888944762225,-95.280545807679,69.668778854573,0.16327325178805,,
,202.984,1,5.4140892556737,0.66003182948911,0.086742191731648,-2.9792985447697,-41.540619369478,0.12403212669352,,
,202.984,1,4.8557773875174,-0.56105866045544,0.0024588729556905,146.4255765097,52.296166527444,0.083746425044183,,
,202.984,1,5.0353266127432,-0.1522330879081,0.16507480595038,-123.1110886422,-61.629039131168,0.14375645826571,,
,202.984,1,5.4360038228496,0.20520951764742,0.047667537091416,-28.138694315116,-28.242643709202,0.16849341962844,,
,202.984,1,5.5121734377122,0.08401870022705,-0.42167758850644,22.590695481333,37.514354305593,0.027901868611139,,
,202.984,1,4.9012858142888,0.10072989718671,0.097541143914657,-115.0029149507,-19.676673083035,0.096444175921539,,
,202.984,1,5.1303091750161,0.18059071787856,-0.5778273691986,-39.975028339109,-1.0433923931493,0.093406932714068,,
,202.984,1,4.8915875646611,0.086645083507365,-0.34714248109507,-64.28048957631,13.948176392785,0.088886149208103,,
,202.984,1,4.8830740313279,-0.062132713177299,0.28185066265481,123.07767711937,-9.1027799856401,0.19073620180077,,
,202.984,1,4.8552057247042,-0.27732652143146,-0.63463087156428,89.42793526446,2.2006661919055,0.022671774865343,,
,202.984,1,4.8554641042816,-0.27081077419636,-0.66727302779828,-175.83591603652,28.362845850934,0.022943560335215,,
,202.984,1,4.8701970883357,-0.26125424564797,-0.68730228351647,24.989293391473,77.13167568206,0.0042707190503356,,
,202.984,1,4.904996645023,-0.092199849321475,0.13605831049183,26.361424463393,-38.57823792562,0.24012318400439,,
,202.984,1,5.09146366208,0.094292300370368,-0.13526948540396,-106.9730375803,64.570481092293,0.12665680352247,,
,202.984,1,5.4886017618009,0.45812058407996,0.03205503687641,-141.96655998456,48.537050704295,0.12359426174595,,
,202.984,1,4.953573108392,-0.53137199834392,-0.24427656369782,-168.4609441257,57.554464684502,0.14744315529216,,
,202.984,1,5.0177677909962,0.6005806144553,-0.19465492332054,-159.01334105111,22.189006156366,0.11562203749508,,
,202.984,1,4.9997063147278,0.13437073942405,-0.43301266913685,157.25530034501,47.355660876737,0.081775680114759,,
,202.984,1,5.1396266118474,0.063709028378849,-0.75979155494929,108.56556025891,24.290071580075,0.18443175010347,,
,202.984,1,5.273044946293,0.031265284517832,0.72035353298806,94.096172975176,-13.12350977737,0.38690332914689,,
,202.984,1,5.3130234323754,-0.047930455368436,-0.38599170057767,-15.359864892125,78.266758091012,0.048715620606642,,
,202.984,1,5.2478855884675,0.62287508018586,0.20512679032952,-76.85701666766,61.661066306834,0.42346039081987,,
,202.984,1,5.1829341103768,-0.78394402258055,-0.24039588526707,59.537144953576,56.552988250362,0.014870854218895,,
,202.984,1,5.0846548770737,0.76266148058528,-0.031574970938325,-74.881522236356,79.383200260578,0.13267656849695,,
,202.984,1,5.1772387441212,0.096072679404027,0.15181881162917,-57.432235555466,-75.105270464308,0.14601901618569,,
,202.984,1,5.2728702332773,0.59955608441318,-0.44188851407365,35.825530397082,60.094464570383,0.041271551856979,,
,202.984,1,5.3784454084405,0.20201177500704,-0.029565163661567,-103.92819129206,-45.857570885866,0.13434011904353,,
,202.984,1,5.1627062467589,0.27484035169793,-0.12677517376424,-77.927401171804,-47.32783477096,0.23758259546369,,
,202.984,1,5.3120716112006,-0.57221411056648,0.66650310704572,-111.85764725699,-42.338917179829,0.59229420286746,,
,202.984,1,5.2465859185236,0.29307545298866,-0.48431260751034,72.90668159531,40.672848613511,0.17658769261826,,
,202.984,1,5.1426307632094,-0.015134783550579,-0.17553696194282,124.15869518632,34.054963532906,0.15919411746625,,
,202.984,1,5.1010959105586,-0.36729076587319,0.76488794536512,-35.797314188386,-35.507324789236,0.058245405590665,,
,202.984,1,5.1475717398367,-0.19375114044602,0.34331894665601,95.987230085134,7.4235537354131,0.1963239848959,,
,202.984,1,5.1026739691358,-0.19523962714168,-0.79474136535112,87.176157100719,19.560452399205,0.020886846635617,,
,202.984,1,5.1094212045622,-0.26430230667477,-0.75389039399543,-102.50448312745,26.776766692777,0.35393831823588,,
,202.984,1,5.3114591615843,0.38410773278616,0.41106662755791,-100.40381955578,23.921799183788,0.13241493933983,,
,202.984,1,5.1776583100974,0.46705393618009,0.72952099366247,133.02099993893,-41.659986105583,0.08002791840645,,
,202.984,1,5.2582443257942,-0.25817437150097,-0.076664974204176,83.128718046866,-44.324154146724,0.25084523080496,,
,202.984,1,5.1935852566579,0.10586946906502,0.19862638433598,89.886018019304,-48.914968681424,0.087858960721757,,
,202.984,1,5.1988947699086,-0.65819113818495,-0.64077129149733,61.566069685351,-35.032289909385,0.050117330617252,,
,202.984,1,5.3397469696288,0.16689437846592,0.22738634612896,115.4028211337,-52.827661960887,0.069509883611727,,
,202.984,1,5.2643167966745,0.35897175982239,0.33096275131147,76.506883145147,-51.77350849523,0.28973670270327,,
,202.984,1,5.1090589158623,0.55847273435688,0.54300788825626,-39.680314833103,28.93486144334,0.074665764090215,,
,202.984,1,5.2780861329304,-0.45006808248769,-0.30921504729708,103.88184123732,-50.634690697994,0.16157403092432,,
,202.984,1,5.1262668562408,-0.53347659360278,-0.43727783499502,39.097660120128,-29.134459098737,0.035703064282283,,
,202.984,1,5.2758926972452,-0.088294042830106,-0.016202141841993,93.838587874473,-64.060759577233,0.10589384571602,,
,202.984,1,5.2087083475323,0.71453803053632,0.29040394266789,138.79958404523,-60.840572718244,0.057781641947525,,
,202.984,1,5.1897279199086,-0.61415995343482,-0.079272819409784,-160.01575890981,75.183056599674,0.1250923645874,,
,202.984,1,5.2386865446757,-0.39490862860393,-0.13419857663779,-31.60856233991,79.255408432584,0.05611835727416,,
,202.984,1,5.1736256570683,-0.45400751564159,0.051213710050734,156.96768290428,15.454310682355,0.023082438571535,,
,202.984,1,5.2500357702348,0.39747739929859,0.075089215816804,-154.77976801935,65.862860421668,0.036889538526314,,
,202.984,1,5.1706595662628,-0.63405548504781,-0.073950425829466,-153.33115151355,-61.314944873351,0.016277321772491,,
,202.984,1,5.1272963030944,-0.62836020313979,-0.010638301887134,-46.501359657382,44.170759191726,0.0064717285715407,,
,202.984,1,5.257887870209,-0.25709639551432,-0.0013749747388078,34.784348062599,-70.444794532327,0.019171115184281,,
,202.984,1,5.261730410228,-0.28237705687318,-0.0047451732078566,56.701060885812,-84.360076158718,0.12835085074334,,
,202.984,1,5.1720227999832,0.43674327821619,0.054380382081729,-12.388099353269,-16.212952260219,0.0060945413014626,,
,202.984,1,5.159411204342,0.37907997853151,0.10977754900233,131.79584753624,73.364229082606,0.024639721687858,,
,202.984,1,5.1856487167212,0.60821527223882,0.08063037082372,17.342078277681,76.024383222316,0.05730208207797,,
,202.984,1,5.2938766931182,0.28057876552868,-0.051477910025462,96.348926874223,-81.75630143964,0.10320352711201,,
,202.984,1,5.2668553343052,0.56580758325971,0.037116605467573,43.943213843029,-63.922376531982,0.13309135526797,,
,202.984,1,5.3350666089931,0.081895415343652,0.36529854486045,-89.98630199157,47.622921515912,0.079797064287758,,
,202.984,1,5.1921482023434,0.24274651436864,0.65678564226778,-91.8573375165,63.472130449322,0.030852554604416,,
,202.984,1,5.2495874741036,0.27387789668386,0.57842937947062,79.981279767512,-5.8228203265985,0.22634563514499,,
,202.984,1,5.3105912134055,0.62530873840115,-0.16834315997379,111.68672891927,38.777331853329,0.13205529745307,,
,202.984,1,5.2017465143319,-0.0072257651912978,-0.36347453866913,-16.222921708451,-73.204076796896,0.1269747212901,,
,202.984,1,5.3900693151168,-0.77346424219379,-0.14420919559566,-99.470315385295,-29.716750792527,0.028626858199536,,
,202.984,1,5.1539579276379,0.29733005715345,-0.13530714740754,77.8841064955,-14.282264816818,0.069881643479376,,
,202.984,1,5.2745498608883,-0.495434646836,-0.052992060469164,-113.89212561828,5.3893415559453,0.048190849129506,,
,202.984,1,5.3574543196992,0.27150709122154,0.6255557054682,76.449561995214,-3.3331455494156,0.18512381346302,,
,202.984,1,5.2079288764557,-0.33205973263189,-0.13770960541443,-97.804986651362,-61.599269162373,0.123925319669,,
,202.984,1,5.2280271467472,-0.26290863136465,-0.10017590716782,-123.30240479967,-55.108649837408,0.091476097751387,,
,202.984,1,5.3533311863916,0.0040584605935089,-0.22311631428879,162.39347293633,-51.812435004646,0.12189952317086,,
,202.984,1,5.3813029367437,-0.46757751314385,0.2354031845627,29.692584417161,63.270844136679,0.33606704587892,,
,202.984,1,5.1463613033721,0.60860326526146,0.26520287309349,-145.02456717642,83.087929256561,0.077221971091372,,
,202.984,1,5.3933762539611,0.28956649413014,-0.12750608712028,111.68240577949,-54.26593526431,0.05566154492113,,
,202.984,1,5.3571383704933,0.066062089846875,0.35763161241965,-114.62265048418,36.626139387273,0.12483959602237,,
,202.984,1,5.3184741285327,-0.084631452825556,0.01870650978058,-96.500856062145,19.843680530438,0.085306587212688,,
,202.984,1,5.3285755127188,0.055627876881211,0.28130358187934,-102.27921128095,22.776285318407,0.18022398415038,,
,202.984,1,5.1876182074689,-0.30722622613265,-0.73167462020368,-103.02538680215,17.967554225843,0.17880835342176,,
,202.984,1,5.1511373306671,-0.17993143103363,-0.67568491103491,-89.33705671041,-0.16150369559907,0.036575922788802,,
,202.984,1,5.377869635201,-0.12650392554803,-0.22452911440407,-81.556721071233,-3.0165750847878,0.036928431246988,,
,202.984,1,5.15052332559,-0.20101417620459,0.19821195011553,-120.51278392722,-6.6156381913345,0.031398352634981,,
,202.984,1,5.3634525375985,-0.25696990570254,0.49218870871439,-119.374748561,-13.458363129366,0.099839594722709,,
,202.984,1,5.2268328779841,-0.1323005970312,0.071508814376908,-64.609397119835,-4.7031619563362,0.022587975585932,,
,202.984,1,5.3711496327095,-0.27304521415909,0.47677911902777,70.837237548991,38.718293296395,0.026793249518199,,
,202.984,1,5.3018738698648,-0.25780230301953,0.4975166286232,-130.69248590923,-12.941508157528,0.040298045902617,,
,202.984,1,5.1182546349367,0.15187462893862,-0.36144682754523,-62.841532692222,-39.294668974035,0.016304810410521,,
,202.984,1,5.1283806839579,0.34178310184084,-0.47154434396333,-130.81216184856,-39.498130752647,0.025045874475511,,
,202.984,1,5.1208235014759,0.4094125672981,-0.42095679715734,-128.2384758101,-43.957865423308,0.073146323097841,,
,202.984,1,5.2586496794814,-0.10524425337539,-0.018270791833799,-119.70580966691,-32.961059720135,0.043818551122832,,
,202.984,1,5.2352792365604,-0.0017811895323135,0.16101371499514,115.07518523428,51.106090947948,0.040531205083976,,
,202.984,1,5.2838203666521,0.32241603665916,-0.34568281726671,158.72173553402,-19.975439692532,0.0080616676646537,,
,202.984,1,5.1863006628814,0.065366873324582,-0.17491645750605,-101.59971848094,-57.898625991622,0.032180482501433,,
,202.984,1,5.1980100360884,0.29145897906113,-0.3044008916794,-27.195660652313,-66.05535717658,0.017485081050474,,
,202.984,1,5.2797750221008,0.083735644228896,0.084620123328377,80.465272321897,73.449065916883,0.080231123642826,,
,202.984,1,5.2008505757326,-0.54791934010973,0.27267272805593,-60.321410158525,-35.110190310713,0.015161839845045,,
,202.984,1,5.2316616173133,0.72080403740729,-0.22007629529429,114.22524594338,55.855571998288,0.023506283143513,,
,202.984,1,5.2005495355261,0.56213176030135,-0.23102056780813,54.805396309139,36.31332236971,0.015064540583244,,
,202.984,1,5.2833548926364,0.094997251713675,-0.12086196746386,58.200885302959,-82.897512055709,0.048601269907051,,
,202.984,1,5.2446653647067,0.39387331491417,-0.087269075797244,-1.1601305800859,-72.719126810389,0.040577049327721,,
,202.984,1,5.3216978848493,-0.41907159689365,-0.014151600917959,-46.883006343509,-41.362702318443,0.0046583597162687,,
,202.984,1,5.1808551024834,0.75206673728347,-0.025130285263557,159.79787107722,-69.11691636052,0.019746735197606,,
,202.984,1,5.1840067657692,-0.77402637669086,-0.0052432538160236,-14.002502364908,-80.589651274494,0.20759035396214,,
,202.984,1,5.1820869243401,-0.73037295246308,-0.049361941465623,-132.4872245017,80.437368284356,0.15979619729476,,
,202.984,1,5.3070899860644,-0.16430225613421,-0.099444131942165,124.97183615284,-74.836685097265,0.12488920785827,,
,202.984,1,5.3079504476142,-0.24273812935397,-0.06435187411281,56.694387528464,82.593334984971,0.0264709113582,,
,202.984,1,5.194204590919,0.53949221201361,-0.043316863077585,-90.213064914944,79.868142158125,0.011325390492472,,
,202.984,1,5.2454768480204,-0.076067105589279,-0.11582862574215,105.30260524434,62.690216670171,0.02893582074556,,
,202.984,1,5.2768731747846,-0.38558169159233,0.16248346130876,71.329298128552,42.915742716281,0.012870284896741,,
,202.984,1,5.2760641834247,0.36456789730457,-0.18661756528499,161.04847184544,81.994301279596,0.011182723066443,,
,202.984,1,5.2797207006893,-0.18335122735761,0.18851146536542,-102.81227436026,-68.690178003081,0.02587478345333,,
,202.984,1,5.2543858707032,0.096330964362763,0.071177043975991,-120.30237919299,-61.273317521539,0.02399044990877,,
,202.984,1,5.2463782949879,-0.27077599258501,0.18101385674301,112.46430431662,44.792684149507,0.024265063932238,,
,202.984,1,5.2147527933228,-0.21720636475827,0.12068732354847,31.800148223028,-70.293674131554,0.0026230153251009,,
,202.984,1,5.2120214163942,-0.27063728840035,0.21062712533663,82.001080940524,42.269328161953,0.018939479111853,,
,202.984,1,5.3087135204512,-0.079970991227565,-0.0034147759495991,82.184931186484,44.045984142152,0.017271750269164,,
,202.984,1,5.2325666771602,-0.28469173653924,0.29768751533329,-57.3186803077,-49.673584054647,0.015126652645668,,
,202.984,1,5.2897427733607,0.28570232068991,-0.25750280190652,-91.202963109649,-39.590840758557,0.024913032675569,,
,202.984,1,5.3013813394113,0.037948485646603,0.065751146798784,-95.161523937573,-33.384969570794,0.017435661114419,,
,202.984,1,5.2608411391775,-0.004726338051681,0.16318517246573,-106.92176649464,-24.717038611524,0.035186312959457,,
,202.984,1,5.2676520334544,-0.24164802000298,0.33094351817998,76.06654647932,29.555145451051,0.087014589873059,,
,202.984,1,5.187706120702,-0.1269331437848,0.058647193210221,-66.141245740852,-39.43321029983,0.026400280806935,,
,202.984,1,5.3319419157602,-0.026308155868452,0.045150531981244,-115.44523273149,-30.098461751485,0.040961835995387,,
,202.984,1,5.1898220724271,0.21788956945439,-0.33899389820812,83.574847667591,32.783180343754,0.077671115955843,,
,202.984,1,5.195618370046,0.0063981406887401,-0.014653269226857,124.85919512159,28.310332526908,0.033024659537952,,
,202.984,1,5.2446267477275,-0.22198028924325,0.33434221830382,122.29148771751,28.450282347569,0.010677303523271,,
,202.984,1,5.2974520890886,-0.23181141400145,0.35904945672055,162.66560567133,6.3789080926442,0.00042089332862809,,
,202.984,1,5.2933929578281,-0.22424911626364,0.34400764067852,30.264295893092,15.167784081149,0.00095626815708206,,
,202.984,1,5.3015582448748,0.22700148307643,-0.35960104960267,78.861872812019,32.325299431685,0.020913506094353,,
,202.984,1,5.3107627992504,0.25321656533901,-0.40005827171105,-51.230373005128,-25.671356936523,0.016233851843346,,
,202.984,1,5.1767056870758,-0.22276253185938,0.2911950834682,-62.356703145166,-37.044315562474,0.040654016780263,,
,202.984,1,5.2129054112978,0.072190514254576,-0.22138066881961,74.383984814168,37.161283238247,0.0094669361915609,,
,202.984,1,5.3018767769685,0.18667173571337,-0.26977705265759,-72.685241576624,-26.113552385324,0.034080847840938,,
,202.984,1,5.1935695487096,0.39989861472741,-0.18511757401936,-105.20676854236,-53.045767580258,0.036801666603894,,
,202.984,1,5.2152253382881,0.24383964718342,-0.26520912152274,148.66169302276,60.213276371668,0.0093062420282739,,
,202.984,1,5.3052832730766,0.40647462677812,-0.25213496815119,119.46522901686,52.51763022915,0.014961750452036,,
,202.984,1,5.2729385642305,0.067487815488387,-0.026723296346492,47.630484599439,46.950931048,0.016586351236606,,
,202.984,1,5.2037408075623,0.3809341303531,-0.23400498898691,-110.96695822901,-57.485878600156,0.092925443423243,,
,202.984,1,5.0636424111276,-0.30634303426881,0.12781729159616,175.93489003101,20.138340816047,0.065508447903164,,
,202.984,1,5.2091029638195,0.08621301075252,-0.15147494806553,149.03455046913,35.53598836794,0.039179342713227,,
,202.984,1,5.0791393229864,-0.16141639840066,0.20319478481083,168.09827367214,-0.70197281495928,0.077740043038609,,
,202.984,1,4.9347560186719,-0.2093476362406,0.18240048996505,159.57364433939,9.6826973857103,0.058212521436241,,
,202.984,1,5.4387481931044,0.00052513939236929,0.10686411775085,-132.32430195051,-16.572738346111,0.030954666877668,,
,202.984,1,5.2361982243803,-0.048134953713163,-0.023511806547426,25.635180619069,15.080380197415,0.042845223483408,,
,202.984,1,4.9944558280626,0.08736553561795,-0.086908328740269,-31.452389721677,-12.208448074092,0.043005359755763,,
,202.984,1,5.4145778389319,-0.12352268970937,0.2994378433901,-135.70973146716,-19.607577255123,0.079685508936364,,
,202.984,1,5.0657532848017,-0.056752925514989,0.34968488345317,145.69237191893,7.9757608803768,0.10637736543349,,
,202.984,1,4.9872032959761,-0.014979795888623,0.30120305029331,131.29759289223,4.1689065810296,0.054688552208225,,
,202.984,1,5.2271819715253,0.063668808140736,-0.4189071097983,-129.00629861507,-8.5341883075601,0.049910665224195,,
,202.984,1,5.0326977843086,-0.0061057067894288,-0.2561726433418,-53.634451010501,-40.745508790131,0.010565637361664,,
,202.984,1,5.1341286407399,-0.13740443145275,0.019587293534737,-64.480096620725,-7.7795199584609,0.021363679854099,,
,202.984,1,5.1461849416486,-0.13173582067175,0.035062354335381,-36.089320146032,-26.82296977997,0.097712231852353,,
,202.984,1,5.0254938178786,-0.08674153430929,0.23362943829708,124.94332782854,17.858630114855,0.048117588567107,,
,202.984,1,5.0339034765342,0.047410251544948,-0.13371424771582,-96.267190932832,-21.424328680047,0.03067379679425,,
,202.984,1,5.3307770511971,-0.18541771505967,0.46717743642486,-141.48383637132,-11.94712326769,0.0028693483006994,,
,202.984,1,5.0519242194487,0.078001932501849,-0.10787622040894,136.129419179,17.608416860231,0.02386832405149,,
,202.984,1,5.0816812082561,0.1184612175226,-0.18535060789044,48.09977752645,22.354504716981,0.069763561641889,,
,202.984,1,5.212944441466,0.18939050162492,-0.32125558353828,40.035425449475,17.235778821528,0.01901278973271,,
,202.984,1,5.0699478821889,0.043681626508579,-0.11426197392469,-122.92089381855,-25.322596434213,0.03444026753268,,
,202.984,1,5.1701234532292,-0.16922090716241,0.2713676190079,74.768157845875,38.09469606966,0.0056222707593276,,
,202.984,1,5.2965450934208,0.20822757854163,-0.35012524083547,77.25117747477,28.273650446558,0.050291128767903,,
,202.984,1,5.0875642611004,0.077024932642951,-0.18057322529235,-120.02887146579,-27.787469527707,0.025117598469819,,
,202.984,1,5.3352312760521,-0.2206758808154,0.38573240217463,76.278410784388,57.477292586237,0.00036134841233294,,
,202.984,1,5.2697928906674,-0.1897717177864,0.35312634931585,108.20404046587,29.327719664687,0.063869879421182,,
,202.984,1,5.1385904676402,-0.03087177907107,0.28864424194653,132.70302419253,24.306298485683,0.036509956456254,,
,202.984,1,5.2132290124843,0.22351141105542,-0.27574403779566,20.199472356413,-27.036697701537,0.0093341428426374,,
,202.984,1,5.2443345227896,-0.13441715440169,0.37923285404167,118.33155152589,28.45892442403,0.059774645135426,,
,202.984,1,5.1273157436905,0.2026594010449,-0.15403652547466,51.814625616909,19.439904694893,0.035915132010971,,
,202.984,1,5.3045372264894,-0.26065292304781,0.36185141859475,-104.84473304478,-34.165968701011,0.05380330050618,,
,202.984,1,5.134889497056,-0.11027136800084,0.064643621414632,-84.700410839127,-54.485743708405,0.023656936792829,,
,202.984,1,5.1923081109937,-0.22980673895725,0.14736411570728,-50.991145605808,-44.068419491021,0.0044269503334666,,
,202.984,1,5.2053925854099,-0.39625932103022,0.27430328255058,-97.136790949174,-54.091403723526,0.041499477009625,,
,202.984,1,5.2315651579,0.4149820935794,-0.28481779983798,146.78075915291,35.205585979769,0.0063445517669266,,
,202.984,1,5.1154830730955,-0.14406499055843,0.10605568935363,129.70422774489,48.756511204526,0.06620478727462,,
,202.984,1,5.1359400527001,0.15695001797255,-0.11383117257198,-123.19718105788,-51.770495623122,0.044433987108217,,
,202.984,1,5.0453351840835,-0.034841885469132,0.037171435185908,-94.422489180897,-35.956289802613,0.038840881141675,,
,202.984,1,5.1324516677802,-0.053397367780697,-0.0070921930369533,-84.076928477107,-31.430689474262,0.053534400327273,,
,202.984,1,5.188835841788,-0.28751495025393,0.50988302698956,-65.815895681429,-24.635764473205,0.19229834335309,,
,202.984,1,5.1109594805145,0.35713576162155,-0.019837562670966,162.07371246464,-1.0985705623886,0.091315428754417,,
,202.984,1,5.41308937331,-0.25855676918885,-0.12012103512293,-1.4541595050158,-84.262850134791,0.059146835337179,,
,202.984,1,5.0215967060604,-0.46603752950286,0.082415268311789,-57.954675529218,-45.921505879694,0.018378102371009,,
,202.984,1,4.9857529292615,-0.27051095889577,0.18299463091861,-49.427498140513,37.2559359007,0.017734824426437,,
,202.984,1,4.9852515771251,0.32777968929117,-0.22215341564598,30.275430269267,0.58416004890866,0.040078406191734,,
,202.984,1,5.091720289519,-0.2959955372955,0.19859165275339,-76.579594551454,30.413739016031,0.0065928991213874,,
,202.984,1,5.272105978297,0.47934477254848,0.13006978151507,29.247412970521,41.07528434832,0.01410458185889,,
,202.984,1,5.2382728777391,0.36513218416786,0.27422337204875,-19.312847570551,62.27260675154,0.075368942790913,,
,202.984,1,5.0701512124135,-0.19982662831692,0.21732970507865,179.4288157556,43.245061953898,0.12065016241875,,
,202.984,1,5.1422071749882,0.28147546080041,-0.17174470156423,150.3615351094,-41.441950679492,0.055184889666039,,
,202.984,1,5.0405294096074,-0.17345504092909,0.30118909319864,-164.01497862751,52.24055385914,0.050197741372635,,
,202.984,1,5.1591925480642,0.28574098715772,-0.21922440558637,127.4277950208,-29.113359758953,0.038442127839113,,
,202.984,1,5.0542566589415,0.20711673103542,0.36350764214818,6.0494377919692,39.50298049708,0.072566007153857,,
,202.984,1,5.2672520657962,-0.36710510415952,-0.13983415103783,-48.515079350747,-7.034760967063,0.053078386755251,,
,202.984,1,5.2495161291626,0.3878580571144,0.10939870450954,48.123119329272,-1.8301910096042,0.054924399159128,,
,202.984,1,4.9811912128844,0.061547982127937,0.34646618699918,-14.936865141116,38.412817956623,0.091185385263636,,
,202.984,1,5.1713557403697,0.12314609255055,-0.46600147471974,-143.51410121596,-40.093721323825,0.098561816407785,,
,202.984,1,5.3311671107885,0.42457155314036,-0.36501085702514,1.9493727021747,-50.880358863628,0.077092626764731,,
,202.984,1,5.3732085538776,0.35183867946452,-0.47476445965001,-58.426034147811,-52.916377152753,0.2047914082229,,
,202.984,1,5.0123409114868,0.48637284764515,0.12323220409438,130.88863367866,22.689798594624,0.05367203907816,,
,202.984,1,5.3593379319922,0.29994867696312,-0.35387484446226,38.676301049748,-57.826473909011,0.050345100222897,,
,202.984,1,5.134626033381,-0.66093316685295,-0.36961416341641,-149.53674020062,-3.8641095936047,0.056651854098557,,
,202.984,1,5.3698212050606,0.28014376247648,0.46611855765995,-93.325421112453,51.849454389067,0.19467160496807,,
,202.984,1,4.9927073660807,0.0081477528710203,0.39033090576666,-168.44713272263,46.69345572936,0.09133426650317,,
,202.984,1,5.1757815194763,-0.23450484837647,-0.64087101095023,-49.451075702515,4.4874064138649,0.050922814857602,,
,202.984,1,5.2170064879783,-0.24974515278711,-0.65986633670896,-55.374208839706,9.7256576582072,0.099780014498835,,
,202.984,1,5.1430293311531,-0.22954649574227,-0.42914334867666,-69.038930821754,16.841239172286,0.11907329567252,,
,202.984,1,5.2953093559625,-0.066714802163616,0.14335472087447,-62.704456718687,4.8117568703153,0.082079591671992,,
,202.984,1,5.0598379352667,0.08444236289371,0.5663029963895,134.4719476711,0.18836572390035,0.073513878171259,,
,202.984,1,5.3723874906624,-0.020258168297186,-0.63763389450918,115.7107958692,-8.3678401093428,0.050789227470008,,
,202.984,1,5.1073179125897,0.04874294092894,-0.3864460977047,73.889124864227,-13.053716650068,0.016060609945433,,
,202.984,1,5.2195027788621,0.033212330487586,-0.61417976804502,-1.8580218540259,-9.9052529736279,0.025933600279973,,
,202.984,1,5.226087507114,-0.12508955121465,-0.050356342388127,-130.31415728585,-9.552635846872,0.076187585752268,,
,202.984,1,5.1084393525486,0.16011807326268,-0.12909855749136,114.80182388956,16.542913728319,0.053341378192254,,
,202.984,1,5.3299931555032,-0.0019199120918168,0.29609931877339,2.7693630879463,36.045351377672,0.018504078392668,,
,202.984,1,5.0552130069954,-0.28170568321813,0.28155346301934,-80.09331480873,-35.741325486186,0.074628391711832,,
,202.984,1,5.2119404676004,-0.0092866142181154,0.16014134876476,51.119786350198,24.237722410362,0.078793031829833,,
,202.984,1,5.3724337254449,0.413414409212,-0.41394889492118,-119.86316323753,-40.8128067365,0.056776801998226,,
,202.984,1,4.862836275752,0.21654866270059,-0.21583703001561,-9.6092940086062,-9.3565726866213,0.10722164251268,,
,202.984,1,5.1549845351332,-0.36580324153381,0.37488516816657,-39.27072891908,-28.323575091119,0.28183355443013,,
,202.984,1,5.2112427562298,-0.28966700407545,0.33786932026984,-26.736733090841,-11.325393601388,0.10297674737459,,
,202.984,1,4.8830825035445,-0.24410595665009,0.23048895694435,6.2498142720276,31.27372864563,0.03577611205391,,
